87.9
88.1
88.3
88.5
88.7
88.9
89.1
89.3
89.5
89.7
89.9
90.1
90.3
90.5
90.7
90.9
91.1
91.3
91.5
91.7
91.9
92.1
92.3
92.5
92.7
92.9
93.1
93.3
93.5
93.7
93.9
94.1
94.3
94.5
94.7
94.9
95.1
95.3
95.9
96.1
96.3
96.5
96.9
97.1
97.3
97.5
97.9
98.1
98.3
98.5
98.9
99.1
99.3
99.5
99.9
100.1
100.3
100.5
100.9
101.1
101.3
101.5
101.9
102.1
102.3
102.5
102.9
103.1
103.5
103.9
104.1
104.3
104.5
104.9
105.1
105.3
105.9
106.1
106.3
106.5
106.9
107.1
107.3
107.9